x_start = [100, 50] , x_goal = [400, 300], step_len = 10, goal_sample_rate = 0.1 , search_radius = 20

Path 1: [[100, 50], [98, 59], [100, 61], [103, 68], [106, 76], [115, 80], [121, 83], [128, 90], [130, 100], [123, 107], [119, 116], [118, 124], [118, 131], [117, 135], [114, 144], [118, 152], [126, 154], [132, 153], [138, 159], [141, 161], [141, 171], [143, 179], [150, 180], [157, 183], [166, 182], [170, 181], [180, 179], [190, 177], [196, 180], [203, 185], [210, 192], [208, 202], [212, 211], [218, 219], [227, 223], [228, 233], [228, 243], [227, 253], [225, 263], [235, 265], [244, 262], [251, 264], [256, 272], [260, 274], [265, 280], [275, 282], [284, 285], [294, 286], [304, 287], [314, 289], [320, 297], [330, 298], [340, 298], [350, 298], [360, 297], [369, 295], [374, 296], [380, 296], [389, 295], [391, 295], [400, 300]]
Cost of path 1: 510.99150301813154

Path 2: [[100, 50], [101, 57], [103, 65], [105, 75], [105, 85], [102, 95], [103, 105], [103, 115], [102, 119], [103, 128], [100, 134], [98, 143], [97, 152], [91, 159], [87, 168], [86, 178], [93, 185], [99, 193], [108, 198], [117, 202], [120, 212], [118, 221], [126, 226], [135, 228], [143, 233], [153, 236], [159, 238], [163, 239], [172, 242], [182, 242], [191, 238], [195, 237], [203, 240], [207, 249], [212, 258], [219, 265], [228, 267], [238, 269], [248, 272], [255, 279], [259, 282], [266, 285], [272, 292], [276, 298], [279, 299], [288, 304], [294, 309], [301, 315], [311, 313], [321, 311], [330, 310], [340, 309], [349, 303], [359, 301], [367, 298], [377, 298], [387, 298], [392, 298], [400, 300]]
Cost of path 2: 515.6092470889134

Path 3: [[100, 50], [101, 59], [98, 69], [97, 79], [99, 89], [93, 97], [87, 101], [80, 104], [79, 114], [79, 124], [77, 133], [78, 143], [78, 153], [85, 160], [89, 169], [88, 179], [95, 187], [101, 193], [103, 195], [109, 200], [114, 208], [122, 211], [131, 215], [139, 219], [144, 219], [152, 223], [162, 227], [170, 230], [177, 230], [181, 231], [190, 235], [200, 238], [209, 235], [215, 240], [218, 248], [220, 257], [223, 266], [227, 275], [237, 277], [247, 277], [253, 279], [262, 277], [270, 282], [273, 283], [282, 285], [285, 294], [294, 296], [301, 298], [307, 295], [312, 292], [322, 294], [329, 294], [334, 294], [342, 298], [344, 298], [353, 295], [363, 295], [373, 296], [379, 296], [387, 297], [396, 298], [400, 300]]
Cost of path 3: 515.6328050242413

Path 4: [[100, 50], [107, 56], [115, 62], [124, 66], [132, 72], [139, 80], [144, 88], [146, 97], [148, 105], [151, 113], [150, 122], [150, 129], [152, 138], [161, 143], [169, 148], [174, 156], [182, 162], [190, 165], [194, 173], [200, 181], [202, 187], [203, 196], [208, 204], [216, 209], [219, 214], [223, 221], [225, 227], [227, 235], [228, 245], [228, 255], [227, 262], [234, 269], [244, 271], [254, 273], [263, 276], [273, 278], [283, 280], [291, 285], [301, 289], [311, 290], [320, 293], [330, 294], [340, 294], [345, 295], [351, 297], [360, 299], [369, 301], [373, 301], [382, 305], [392, 306], [400, 300]]
Cost of path 4: 450.63268485022695

Path 5: [[100, 50], [108, 54], [111, 60], [116, 64], [115, 73], [117, 75], [125, 81], [125, 91], [131, 99], [139, 104], [143, 114], [151, 119], [155, 126], [161, 133], [164, 136], [170, 140], [176, 146], [185, 148], [194, 153], [203, 157], [206, 166], [212, 175], [221, 180], [225, 189], [225, 199], [224, 206], [225, 209], [227, 218], [223, 227], [224, 235], [224, 241], [221, 250], [217, 258], [226, 261], [236, 264], [246, 266], [255, 269], [264, 265], [274, 263], [284, 266], [291, 274], [299, 279], [303, 282], [308, 285], [314, 292], [320, 299], [324, 298], [327, 299], [337, 299], [347, 299], [357, 299], [367, 299], [377, 299], [387, 299], [393, 299], [400, 300]]
Cost of path 5: 472.19548224562897

Path 6: [[100, 50], [104, 59], [111, 66], [112, 75], [113, 84], [117, 90], [115, 100], [118, 109], [123, 116], [127, 124], [137, 128], [146, 131], [153, 136], [156, 140], [162, 145], [167, 152], [176, 155], [177, 165], [182, 168], [191, 174], [191, 176], [195, 184], [201, 190], [208, 197], [213, 203], [220, 208], [222, 211], [216, 219], [217, 227], [219, 236], [214, 242], [220, 250], [222, 257], [222, 264], [227, 273], [236, 275], [246, 277], [256, 279], [266, 281], [276, 282], [284, 284], [292, 286], [299, 286], [308, 284], [313, 293], [323, 293], [333, 294], [343, 294], [347, 295], [356, 297], [365, 298], [372, 298], [382, 294], [391, 296], [400, 300]]
Cost of path 6: 469.93081520524856

Path 7: [[100, 50], [104, 58], [107, 68], [110, 76], [112, 81], [117, 87], [120, 90], [121, 100], [131, 101], [139, 107], [141, 113], [144, 117], [152, 122], [156, 125], [163, 132], [172, 137], [174, 138], [178, 145], [182, 150], [190, 155], [194, 161], [203, 162], [207, 166], [212, 166], [216, 170], [220, 177], [222, 186], [226, 193], [227, 203], [228, 209], [228, 218], [228, 228], [227, 230], [225, 238], [224, 248], [224, 257], [231, 264], [235, 269], [244, 270], [252, 272], [258, 271], [268, 270], [277, 272], [285, 279], [295, 280], [304, 285], [313, 289], [321, 295], [331, 296], [340, 293], [350, 293], [360, 292], [370, 293], [380, 293], [386, 294], [393, 297], [400, 300]]
Cost of path 7: 460.8762064797863

Path 8: [[100, 50], [100, 59], [106, 67], [111, 69], [118, 72], [124, 80], [131, 83], [140, 84], [149, 88], [156, 96], [157, 106], [154, 116], [151, 125], [150, 135], [150, 145], [152, 155], [154, 160], [159, 164], [166, 168], [168, 172], [172, 181], [180, 175], [187, 181], [197, 184], [201, 193], [206, 201], [213, 200], [219, 204], [225, 212], [224, 222], [220, 231], [219, 241], [214, 250], [220, 257], [221, 266], [229, 268], [237, 270], [245, 276], [255, 274], [264, 271], [269, 269], [278, 265], [286, 271], [292, 279], [297, 288], [299, 288], [306, 296], [316, 296], [324, 301], [334, 298], [343, 301], [353, 304], [363, 302], [373, 302], [383, 302], [393, 302], [400, 300]]
Cost of path 8: 506.9082682430025

Path 9: [[100, 50], [106, 49], [114, 55], [117, 55], [124, 62], [132, 67], [142, 70], [146, 79], [152, 86], [155, 95], [156, 102], [165, 107], [170, 116], [178, 121], [170, 126], [165, 134], [162, 142], [162, 152], [163, 159], [164, 168], [169, 176], [178, 180], [188, 179], [197, 183], [202, 192], [206, 199], [209, 206], [212, 215], [217, 221], [221, 229], [224, 230], [225, 240], [227, 250], [222, 258], [228, 266], [234, 270], [240, 266], [249, 268], [256, 275], [265, 279], [269, 288], [270, 298], [273, 307], [277, 308], [286, 311], [296, 309], [304, 304], [312, 311], [321, 313], [323, 318], [332, 319], [341, 320], [347, 312], [350, 312], [358, 306], [367, 303], [377, 301], [386, 300], [395, 299], [400, 300]]
Cost of path 9: 517.5451845090015

Path 10: [[100, 50], [101, 59], [102, 69], [100, 79], [97, 88], [89, 95], [84, 103], [87, 112], [89, 122], [89, 132], [93, 141], [99, 150], [103, 159], [109, 166], [110, 176], [114, 185], [113, 195], [112, 205], [121, 209], [130, 213], [139, 218], [148, 222], [157, 226], [166, 230], [176, 233], [185, 236], [187, 238], [193, 246], [195, 246], [202, 251], [207, 251], [212, 258], [222, 260], [229, 266], [234, 268], [242, 273], [247, 274], [257, 276], [264, 273], [273, 273], [281, 273], [287, 271], [295, 276], [302, 278], [308, 286], [316, 292], [325, 296], [334, 293], [339, 292], [347, 295], [354, 296], [364, 296], [374, 297], [384, 297], [393, 298], [400, 300]]
Cost of path 10: 488.395026483683