x_start = [100, 50] , x_goal = [400, 300], step_len = 10, goal_sample_rate = 0.1 , search_radius = 20

Path 1: [[100, 50], [108, 55], [105, 65], [102, 74], [100, 84], [102, 93], [104, 103], [100, 112], [105, 121], [112, 129], [119, 136], [127, 142], [136, 147], [144, 152], [154, 153], [163, 158], [171, 163], [177, 172], [183, 180], [193, 179], [201, 184], [210, 189], [219, 194], [221, 204], [224, 213], [217, 220], [209, 226], [202, 233], [206, 242], [213, 248], [223, 252], [227, 261], [235, 266], [243, 267], [252, 269], [262, 271], [272, 274], [280, 268], [290, 270], [300, 273], [303, 282], [310, 289], [319, 292], [329, 293], [339, 294], [349, 292], [358, 289], [368, 290], [378, 290], [387, 294], [397, 295], [400, 300]]
Cost of Path 1: 501.6530119063636

Path 2: [[100, 50], [100, 59], [103, 69], [99, 78], [96, 88], [101, 96], [97, 106], [95, 115], [102, 123], [104, 133], [112, 139], [121, 141], [130, 147], [138, 152], [148, 154], [157, 159], [167, 158], [175, 163], [185, 163], [194, 168], [203, 173], [210, 180], [219, 184], [217, 194], [211, 202], [204, 210], [208, 219], [209, 229], [218, 234], [222, 240], [221, 247], [228, 254], [227, 264], [234, 272], [239, 263], [248, 266], [258, 268], [267, 272], [274, 279], [284, 278], [294, 279], [303, 283], [308, 291], [318, 292], [328, 295], [338, 295], [348, 296], [358, 296], [368, 296], [378, 297], [387, 300], [397, 302], [400, 300]]
Cost of Path 2: 508.64486607632216

Path 3: [[100, 50], [108, 55], [117, 59], [126, 64], [134, 69], [143, 73], [151, 79], [154, 89], [152, 99], [162, 100], [171, 105], [176, 114], [179, 123], [188, 128], [195, 135], [202, 142], [210, 148], [211, 158], [220, 163], [220, 173], [224, 182], [223, 192], [223, 201], [220, 211], [211, 216], [207, 225], [201, 233], [202, 243], [205, 253], [203, 262], [211, 269], [221, 270], [230, 272], [240, 270], [249, 265], [259, 262], [268, 265], [272, 274], [281, 279], [289, 284], [299, 285], [309, 285], [316, 293], [326, 293], [335, 299], [344, 297], [354, 297], [364, 298], [374, 299], [384, 297], [394, 297], [400, 300]]
Cost of Path 3: 506.8820602096854

Path 4: [[100, 50], [99, 59], [107, 65], [107, 75], [108, 85], [105, 95], [102, 104], [107, 113], [111, 122], [111, 132], [111, 142], [106, 150], [112, 158], [112, 168], [117, 176], [114, 185], [118, 192], [119, 202], [115, 211], [121, 219], [123, 229], [130, 233], [137, 236], [146, 239], [150, 248], [158, 254], [167, 258], [176, 261], [186, 264], [196, 266], [203, 273], [213, 275], [223, 277], [232, 275], [242, 275], [249, 268], [259, 270], [269, 272], [279, 274], [287, 279], [291, 288], [299, 295], [307, 301], [316, 305], [326, 305], [336, 307], [344, 301], [354, 300], [364, 300], [374, 300], [384, 300], [394, 300], [400, 300]]
Cost of Path 4: 506.69695825247175

Path 5: [[100, 50], [109, 53], [115, 61], [123, 68], [123, 78], [119, 87], [115, 96], [115, 106], [116, 116], [124, 122], [128, 131], [123, 140], [125, 150], [134, 154], [143, 159], [151, 164], [161, 161], [170, 165], [176, 174], [184, 178], [194, 176], [200, 184], [200, 194], [198, 203], [202, 212], [211, 214], [219, 220], [222, 230], [222, 240], [225, 249], [225, 259], [233, 264], [243, 267], [253, 268], [261, 263], [271, 265], [280, 268], [288, 274], [297, 279], [299, 289], [309, 290], [316, 297], [324, 303], [329, 305], [336, 312], [400, 300]]
Cost of Path 5: 498.13477959872785

Path 6: [[100, 50], [108, 55], [116, 61], [119, 70], [127, 77], [136, 81], [134, 91], [140, 99], [137, 108], [131, 116], [128, 126], [123, 135], [122, 144], [122, 154], [121, 164], [121, 174], [122, 184], [119, 194], [110, 199], [108, 206], [106, 214], [105, 224], [102, 233], [98, 242], [99, 247], [95, 253], [90, 261], [87, 271], [80, 278], [81, 280], [400, 300]]
Cost of Path 6: 588.5699039245139

Path 7: [[100, 50], [94, 58], [94, 68], [89, 77], [86, 86], [86, 96], [96, 95], [101, 103], [105, 113], [99, 121], [92, 128], [85, 135], [78, 140], [69, 143], [61, 145], [51, 147], [400, 300]]
Cost of Path 7: 527.4333469243956

Path 8: [[100, 50], [102, 59], [109, 66], [119, 65], [125, 73], [135, 74], [143, 80], [144, 90], [151, 96], [159, 102], [160, 112], [165, 121], [174, 126], [181, 133], [177, 143], [174, 152], [171, 162], [179, 167], [187, 174], [195, 180], [196, 189], [205, 194], [214, 199], [222, 205], [218, 214], [222, 223], [215, 230], [208, 236], [208, 246], [206, 256], [211, 265], [221, 267], [231, 270], [239, 264], [249, 267], [257, 261], [266, 264], [276, 266], [285, 271], [294, 273], [302, 280], [309, 286], [308, 296], [318, 297], [324, 305], [333, 300], [342, 296], [351, 299], [361, 299], [371, 299], [381, 301], [391, 301], [400, 300]]
Cost of Path 8: 517.8603924403812

Path 9: [[100, 50], [96, 59], [104, 65], [108, 74], [109, 84], [110, 94], [109, 104], [116, 111], [122, 119], [129, 126], [133, 135], [142, 140], [151, 144], [152, 154], [162, 154], [172, 154], [182, 153], [190, 158], [200, 162], [207, 168], [215, 174], [223, 179], [228, 186], [228, 196], [226, 206], [226, 216], [217, 220], [213, 229], [207, 237], [210, 246], [202, 252], [192, 256], [182, 258], [173, 261], [169, 261], [160, 261], [153, 261], [400, 300]]
Cost of Path 9: 597.0973729646871

Path 10: [[100, 50], [109, 51], [118, 55], [118, 65], [117, 75], [121, 83], [129, 89], [137, 94], [147, 97], [153, 105], [162, 108], [170, 114], [179, 119], [182, 129], [191, 134], [195, 143], [197, 153], [202, 161], [200, 171], [199, 181], [200, 191], [205, 199], [209, 208], [210, 218], [210, 228], [215, 237], [219, 244], [216, 250], [214, 260], [215, 270], [224, 275], [226, 285], [234, 290], [240, 298], [249, 295], [252, 286], [260, 285], [267, 278], [277, 274], [286, 276], [296, 278], [304, 285], [310, 290], [316, 299], [326, 301], [336, 301], [345, 297], [355, 297], [365, 298], [375, 296], [385, 296], [395, 297], [400, 300]]
Cost of Path 10: 505.20013749212586